00280273000137
00280273002938
00394502038206
00897750000108
01166372000821
01434800000698
01606452000184
01610517001480
01870940000102
02210803000104
02223370000113
02231030000215
02231030000304
02231030000487
02301582000171
02325415000160
02794740000334
02962068000187
03317169000168
03519135000156
03571805000183
03698870000840
04222931000195
04334409000103
04821041000361
04898857000121
05013050000470
05219237000181
05289245000366
05603740000136
05661396000212
05773860000181
06192781000140
07023429000143
07105510000172
07127994000150
07171021000119
07175725001050
07182837000148
07526557004440
07761304000110
07864634000646
08336921000131
08746757000130
10433470000100
10747683000107
10763773000183
10766817000129
10948651000161
11776915000100
14309992000148
16328932001099
17184970000197
17405828000122
17417928000179
19242062000138
22134215000138
22162040000172
22782833000194
23637697000101
23760695000105
26690833000468
26794410000145
27687443000159
29958609000150
29958609000400
30511844000168
35773661000134
37700616000185
43457290000100
46548574000523
49021009000178
49031776000168
49808421000132
51873883000185
54823455002937
57029431004780
59105999003959
60425857000185
60863404001455
60934692000177
61074829000638
61410841000161
61528030000160
68467638000170
76487032001954
76487032005437
78958717001614
82743287003553
82743287003987
82981721000194
87834883000113
88901848000132
90815150000146